      z[m]      p[mb]      tp[K]    q[g/kg]     u[m/s]     v[m/s]
      0.00,         80,    1008.29
   -999.90000000	   1002.35000000	    289.48033409	     10.63000000	      0.00000000	      0.00000000
   -999.90000000	    996.44000000	    289.36372024	     10.24000000	      0.00000000	      0.00000000
   -999.90000000	    990.55000000	    289.46037339	     10.07000000	      0.00000000	      0.00000000
   -999.90000000	    984.68000000	    289.57291991	      9.96000000	      0.00000000	      0.00000000
   -999.90000000	    978.85000000	    289.73353407	      9.83000000	      0.00000000	      0.00000000
   -999.90000000	    973.06000000	    289.97000000	      9.63000000	      0.00000000	      0.00000000
   -999.90000000	    967.31000000	    290.39000000	      9.29000000	      0.00000000	      0.00000000
   -999.90000000	    961.60000000	    291.02000000	      8.75000000	      0.00000000	      0.00000000
   -999.90000000	    955.93000000	    291.77000000	      8.07000000	      0.00000000	      0.00000000
   -999.90000000	    950.30000000	    292.53000000	      7.36000000	      0.00000000	      0.00000000
   -999.90000000	    944.70000000	    293.23000000	      6.71000000	      0.00000000	      0.00000000
   -999.90000000	    939.14000000	    293.84000000	      6.18000000	      0.00000000	      0.00000000
   -999.90000000	    933.61000000	    294.35000000	      5.78000000	      0.00000000	      0.00000000
   -999.90000000	    928.11000000	    294.79000000	      5.49000000	      0.00000000	      0.00000000
   -999.90000000	    922.64000000	    295.16000000	      5.28000000	      0.00000000	      0.00000000
   -999.90000000	    917.20000000	    295.48000000	      5.15000000	      0.00000000	      0.00000000
   -999.90000000	    911.79000000	    295.75000000	      5.06000000	      0.00000000	      0.00000000
   -999.90000000	    906.41000000	    295.99000000	      5.00000000	      0.00000000	      0.00000000
   -999.90000000	    901.05000000	    296.22000000	      4.94000000	      0.00000000	      0.00000000
   -999.90000000	    895.71000000	    296.42000000	      4.90000000	      0.00000000	      0.00000000
   -999.90000000	    890.41000000	    296.62000000	      4.85000000	      0.00000000	      0.00000000
   -999.90000000	    876.87000000	    297.06000000	      4.75000000	      0.00000000	      0.00000000
   -999.90000000	    855.41000000	    297.87000000	      4.52000000	      0.00000000	      0.00000000
   -999.90000000	    826.54000000	    299.12000000	      4.03000000	      0.00000000	      0.00000000
   -999.90000000	    790.92000000	    300.84000000	      3.22000000	      0.00000000	      0.00000000
   -999.90000000	    749.36000000	    302.93000000	      2.45000000	      0.00000000	      0.00000000
   -999.90000000	    702.76000000	    305.18000000	      1.88000000	      0.00000000	      0.00000000
   -999.90000000	    652.11000000	    307.99000000	      1.38000000	      0.00000000	      0.00000000
   -999.90000000	    604.52000000	    310.58000000	      1.01000000	      0.00000000	      0.00000000
   -999.90000000	    559.80000000	    313.12000000	      0.75000000	      0.00000000	      0.00000000
   -999.90000000	    517.85000000	    315.57000000	      0.55000000	      0.00000000	      0.00000000
   -999.90000000	    478.51000000	    317.82000000	      0.41000000	      0.00000000	      0.00000000
   -999.90000000	    441.56000000	    319.90000000	      0.29000000	      0.00000000	      0.00000000
   -999.90000000	    406.85000000	    321.49000000	      0.20000000	      0.00000000	      0.00000000
   -999.90000000	    374.26000000	    322.72000000	      0.14000000	      0.00000000	      0.00000000
   -999.90000000	    343.66000000	    323.70000000	      0.10000000	      0.00000000	      0.00000000
   -999.90000000	    314.97000000	    324.51000000	      0.08000000	      0.00000000	      0.00000000
   -999.90000000	    288.10000000	    325.26000000	      0.06000000	      0.00000000	      0.00000000
   -999.90000000	    262.96000000	    325.97000000	      0.04000000	      0.00000000	      0.00000000
   -999.90000000	    239.48000000	    326.68000000	      0.03000000	      0.00000000	      0.00000000
   -999.90000000	    217.59000000	    327.57000000	      0.02000000	      0.00000000	      0.00000000
   -999.90000000	    197.26000000	    329.23000000	      0.01000000	      0.00000000	      0.00000000
   -999.90000000	    178.43000000	    331.91000000	      0.00000000	      0.00000000	      0.00000000
   -999.90000000	    161.11000000	    338.38000000	      0.00000000	      0.00000000	      0.00000000
   -999.90000000	    145.37000000	    347.58000000	      0.00000000	      0.00000000	      0.00000000
   -999.90000000	    131.22000000	    357.06000000	      0.00000000	      0.00000000	      0.00000000
   -999.90000000	    118.46000000	    367.41000000	      0.00000000	      0.00000000	      0.00000000
   -999.90000000	    106.93000000	    378.92000000	      0.00000000	      0.00000000	      0.00000000
   -999.90000000	     96.52000000	    391.16000000	      0.00000000	      0.00000000	      0.00000000
   -999.90000000	     87.16000000	    404.67000000	      0.00000000	      0.00000000	      0.00000000
   -999.90000000	     78.76000000	    419.23000000	      0.00000000	      0.00000000	      0.00000000
   -999.90000000	     71.23000000	    434.45000000	      0.00000000	      0.00000000	      0.00000000
   -999.90000000	     64.45000000	    450.57000000	      0.00000000	      0.00000000	      0.00000000
   -999.90000000	     58.37000000	    467.99000000	      0.00000000	      0.00000000	      0.00000000
   -999.90000000	     52.92000000	    486.77000000	      0.00000000	      0.00000000	      0.00000000
   -999.90000000	     48.03000000	    506.92000000	      0.00000000	      0.00000000	      0.00000000
   -999.90000000	     43.64000000	    524.72000000	      0.00000000	      0.00000000	      0.00000000
   -999.90000000	     39.68000000	    544.48000000	      0.00000000	      0.00000000	      0.00000000
   -999.90000000	     36.10000000	    560.83000000	      0.00000000	      0.00000000	      0.00000000
   -999.90000000	     32.86000000	    580.44000000	      0.00000000	      0.00000000	      0.00000000
   -999.90000000	     29.92000000	    596.25000000	      0.00000000	      0.00000000	      0.00000000
   -999.90000000	     27.25000000	    616.30000000	      0.00000000	      0.00000000	      0.00000000
   -999.90000000	     24.84000000	    638.60000000	      0.00000000	      0.00000000	      0.00000000
   -999.90000000	     22.65000000	    659.17000000	      0.00000000	      0.00000000	      0.00000000
   -999.90000000	     20.67000000	    679.15000000	      0.00000000	      0.00000000	      0.00000000
   -999.90000000	     18.87000000	    698.04000000	      0.00000000	      0.00000000	      0.00000000
   -999.90000000	     17.23000000	    716.49000000	      0.00000000	      0.00000000	      0.00000000
   -999.90000000	     15.73000000	    738.81000000	      0.00000000	      0.00000000	      0.00000000
   -999.90000000	     14.36000000	    759.11000000	      0.00000000	      0.00000000	      0.00000000
   -999.90000000	     13.12000000	    785.87000000	      0.00000000	      0.00000000	      0.00000000
   -999.90000000	     12.00000000	    810.90000000	      0.00000000	      0.00000000	      0.00000000
   -999.90000000	     10.97000000	    834.13000000	      0.00000000	      0.00000000	      0.00000000
   -999.90000000	     10.04000000	    857.23000000	      0.00000000	      0.00000000	      0.00000000
   -999.90000000	      9.18000000	    880.41000000	      0.00000000	      0.00000000	      0.00000000
   -999.90000000	      8.40000000	    903.10000000	      0.00000000	      0.00000000	      0.00000000
   -999.90000000	      7.69000000	    926.66000000	      0.00000000	      0.00000000	      0.00000000
   -999.90000000	      7.04000000	    954.76000000	      0.00000000	      0.00000000	      0.00000000
   -999.90000000	      6.44000000	    982.17000000	      0.00000000	      0.00000000	      0.00000000
   -999.90000000	      5.90000000	   1009.88000000	      0.00000000	      0.00000000	      0.00000000
   -999.90000000	      5.40000000	   1038.30000000	      0.00000000	      0.00000000	      0.00000000
  10000.00,         80,    1008.29
   -999.90000000	   1002.35000000	    289.48033409	     10.63000000	      0.00000000	      0.00000000
   -999.90000000	    996.44000000	    289.36372024	     10.24000000	      0.00000000	      0.00000000
   -999.90000000	    990.55000000	    289.46037339	     10.07000000	      0.00000000	      0.00000000
   -999.90000000	    984.68000000	    289.57291991	      9.96000000	      0.00000000	      0.00000000
   -999.90000000	    978.85000000	    289.73353407	      9.83000000	      0.00000000	      0.00000000
   -999.90000000	    973.06000000	    289.97000000	      9.63000000	      0.00000000	      0.00000000
   -999.90000000	    967.31000000	    290.39000000	      9.29000000	      0.00000000	      0.00000000
   -999.90000000	    961.60000000	    291.02000000	      8.75000000	      0.00000000	      0.00000000
   -999.90000000	    955.93000000	    291.77000000	      8.07000000	      0.00000000	      0.00000000
   -999.90000000	    950.30000000	    292.53000000	      7.36000000	      0.00000000	      0.00000000
   -999.90000000	    944.70000000	    293.23000000	      6.71000000	      0.00000000	      0.00000000
   -999.90000000	    939.14000000	    293.84000000	      6.18000000	      0.00000000	      0.00000000
   -999.90000000	    933.61000000	    294.35000000	      5.78000000	      0.00000000	      0.00000000
   -999.90000000	    928.11000000	    294.79000000	      5.49000000	      0.00000000	      0.00000000
   -999.90000000	    922.64000000	    295.16000000	      5.28000000	      0.00000000	      0.00000000
   -999.90000000	    917.20000000	    295.48000000	      5.15000000	      0.00000000	      0.00000000
   -999.90000000	    911.79000000	    295.75000000	      5.06000000	      0.00000000	      0.00000000
   -999.90000000	    906.41000000	    295.99000000	      5.00000000	      0.00000000	      0.00000000
   -999.90000000	    901.05000000	    296.22000000	      4.94000000	      0.00000000	      0.00000000
   -999.90000000	    895.71000000	    296.42000000	      4.90000000	      0.00000000	      0.00000000
   -999.90000000	    890.41000000	    296.62000000	      4.85000000	      0.00000000	      0.00000000
   -999.90000000	    876.87000000	    297.06000000	      4.75000000	      0.00000000	      0.00000000
   -999.90000000	    855.41000000	    297.87000000	      4.52000000	      0.00000000	      0.00000000
   -999.90000000	    826.54000000	    299.12000000	      4.03000000	      0.00000000	      0.00000000
   -999.90000000	    790.92000000	    300.84000000	      3.22000000	      0.00000000	      0.00000000
   -999.90000000	    749.36000000	    302.93000000	      2.45000000	      0.00000000	      0.00000000
   -999.90000000	    702.76000000	    305.18000000	      1.88000000	      0.00000000	      0.00000000
   -999.90000000	    652.11000000	    307.99000000	      1.38000000	      0.00000000	      0.00000000
   -999.90000000	    604.52000000	    310.58000000	      1.01000000	      0.00000000	      0.00000000
   -999.90000000	    559.80000000	    313.12000000	      0.75000000	      0.00000000	      0.00000000
   -999.90000000	    517.85000000	    315.57000000	      0.55000000	      0.00000000	      0.00000000
   -999.90000000	    478.51000000	    317.82000000	      0.41000000	      0.00000000	      0.00000000
   -999.90000000	    441.56000000	    319.90000000	      0.29000000	      0.00000000	      0.00000000
   -999.90000000	    406.85000000	    321.49000000	      0.20000000	      0.00000000	      0.00000000
   -999.90000000	    374.26000000	    322.72000000	      0.14000000	      0.00000000	      0.00000000
   -999.90000000	    343.66000000	    323.70000000	      0.10000000	      0.00000000	      0.00000000
   -999.90000000	    314.97000000	    324.51000000	      0.08000000	      0.00000000	      0.00000000
   -999.90000000	    288.10000000	    325.26000000	      0.06000000	      0.00000000	      0.00000000
   -999.90000000	    262.96000000	    325.97000000	      0.04000000	      0.00000000	      0.00000000
   -999.90000000	    239.48000000	    326.68000000	      0.03000000	      0.00000000	      0.00000000
   -999.90000000	    217.59000000	    327.57000000	      0.02000000	      0.00000000	      0.00000000
   -999.90000000	    197.26000000	    329.23000000	      0.01000000	      0.00000000	      0.00000000
   -999.90000000	    178.43000000	    331.91000000	      0.00000000	      0.00000000	      0.00000000
   -999.90000000	    161.11000000	    338.38000000	      0.00000000	      0.00000000	      0.00000000
   -999.90000000	    145.37000000	    347.58000000	      0.00000000	      0.00000000	      0.00000000
   -999.90000000	    131.22000000	    357.06000000	      0.00000000	      0.00000000	      0.00000000
   -999.90000000	    118.46000000	    367.41000000	      0.00000000	      0.00000000	      0.00000000
   -999.90000000	    106.93000000	    378.92000000	      0.00000000	      0.00000000	      0.00000000
   -999.90000000	     96.52000000	    391.16000000	      0.00000000	      0.00000000	      0.00000000
   -999.90000000	     87.16000000	    404.67000000	      0.00000000	      0.00000000	      0.00000000
   -999.90000000	     78.76000000	    419.23000000	      0.00000000	      0.00000000	      0.00000000
   -999.90000000	     71.23000000	    434.45000000	      0.00000000	      0.00000000	      0.00000000
   -999.90000000	     64.45000000	    450.57000000	      0.00000000	      0.00000000	      0.00000000
   -999.90000000	     58.37000000	    467.99000000	      0.00000000	      0.00000000	      0.00000000
   -999.90000000	     52.92000000	    486.77000000	      0.00000000	      0.00000000	      0.00000000
   -999.90000000	     48.03000000	    506.92000000	      0.00000000	      0.00000000	      0.00000000
   -999.90000000	     43.64000000	    524.72000000	      0.00000000	      0.00000000	      0.00000000
   -999.90000000	     39.68000000	    544.48000000	      0.00000000	      0.00000000	      0.00000000
   -999.90000000	     36.10000000	    560.83000000	      0.00000000	      0.00000000	      0.00000000
   -999.90000000	     32.86000000	    580.44000000	      0.00000000	      0.00000000	      0.00000000
   -999.90000000	     29.92000000	    596.25000000	      0.00000000	      0.00000000	      0.00000000
   -999.90000000	     27.25000000	    616.30000000	      0.00000000	      0.00000000	      0.00000000
   -999.90000000	     24.84000000	    638.60000000	      0.00000000	      0.00000000	      0.00000000
   -999.90000000	     22.65000000	    659.17000000	      0.00000000	      0.00000000	      0.00000000
   -999.90000000	     20.67000000	    679.15000000	      0.00000000	      0.00000000	      0.00000000
   -999.90000000	     18.87000000	    698.04000000	      0.00000000	      0.00000000	      0.00000000
   -999.90000000	     17.23000000	    716.49000000	      0.00000000	      0.00000000	      0.00000000
   -999.90000000	     15.73000000	    738.81000000	      0.00000000	      0.00000000	      0.00000000
   -999.90000000	     14.36000000	    759.11000000	      0.00000000	      0.00000000	      0.00000000
   -999.90000000	     13.12000000	    785.87000000	      0.00000000	      0.00000000	      0.00000000
   -999.90000000	     12.00000000	    810.90000000	      0.00000000	      0.00000000	      0.00000000
   -999.90000000	     10.97000000	    834.13000000	      0.00000000	      0.00000000	      0.00000000
   -999.90000000	     10.04000000	    857.23000000	      0.00000000	      0.00000000	      0.00000000
   -999.90000000	      9.18000000	    880.41000000	      0.00000000	      0.00000000	      0.00000000
   -999.90000000	      8.40000000	    903.10000000	      0.00000000	      0.00000000	      0.00000000
   -999.90000000	      7.69000000	    926.66000000	      0.00000000	      0.00000000	      0.00000000
   -999.90000000	      7.04000000	    954.76000000	      0.00000000	      0.00000000	      0.00000000
   -999.90000000	      6.44000000	    982.17000000	      0.00000000	      0.00000000	      0.00000000
   -999.90000000	      5.90000000	   1009.88000000	      0.00000000	      0.00000000	      0.00000000
   -999.90000000	      5.40000000	   1038.30000000	      0.00000000	      0.00000000	      0.00000000
