z[m] p[mb] tpls[K] qls[g/kg] uls vls wls
0.0 80.0 1008.2894287109375
-999.0	1002.46765	292.7837	11.041337	0.0	0.0	0.0
-999.0	996.6715	292.7024	10.668958	0.0	0.0	0.0
-999.0	990.8953	292.7356	10.496492	0.0	0.0	0.0
-999.0	985.14355	292.7773	10.388593	0.0	0.0	0.0
-999.0	979.4172	292.83313	10.282642	0.0	0.0	0.0
-999.0	973.71545	292.89075	10.170281	0.0	0.0	0.0
-999.0	968.03705	292.95398	10.046081	0.0	0.0	0.0
-999.0	962.38403	293.02106	9.908027	0.0	0.0	0.0
-999.0	956.7557	293.0944	9.75536	0.0	0.0	0.0
-999.0	951.15155	293.1751	9.589377	0.0	0.0	0.0
-999.0	945.57166	293.26465	9.412067	0.0	0.0	0.0
-999.0	940.0162	293.3641	9.224629	0.0	0.0	0.0
-999.0	934.48627	293.47385	9.032584	0.0	0.0	0.0
-999.0	928.98065	293.59354	8.840287	0.0	0.0	0.0
-999.0	923.4996	293.7212	8.652522	0.0	0.0	0.0
-999.0	918.04425	293.85446	8.473072	0.0	0.0	0.0
-999.0	912.6137	293.9936	8.302187	0.0	0.0	0.0
-999.0	907.2077	294.13354	8.141387	0.0	0.0	0.0
-999.0	901.8268	294.2824	7.9844866	0.0	0.0	0.0
-999.0	896.47107	294.42035	7.8497252	0.0	0.0	0.0
-999.0	891.1378	294.5865	7.6940236	0.0	0.0	0.0
-999.0	877.5358	294.9547	7.388789	0.0	0.0	0.0
-999.0	855.96674	295.64206	6.92029	0.0	0.0	0.0
-999.0	826.9152	296.68604	6.31673	0.0	0.0	0.0
-999.0	791.03656	298.07693	5.6005955	0.0	0.0	0.0
-999.0	749.123	299.72952	4.7960825	0.0	0.0	0.0
-999.0	702.09467	301.78955	3.867861	0.0	0.0	0.0
-999.0	650.982	304.0788	2.951495	0.0	0.0	0.0
-999.0	602.9245	306.3115	2.1863265	0.0	0.0	0.0
-999.0	557.7571	308.53192	1.5683616	0.0	0.0	0.0
-999.0	515.3363	310.64786	1.0783591	0.0	0.0	0.0
-999.0	475.5121	312.54755	0.7350529	0.0	0.0	0.0
-999.0	438.13358	314.15417	0.49612838	0.0	0.0	0.0
-999.0	403.0593	315.53137	0.3304723	0.0	0.0	0.0
-999.0	370.16293	316.6782	0.21467432	0.0	0.0	0.0
-999.0	339.3269	317.6234	0.13773674	0.0	0.0	0.0
-999.0	310.44528	318.39532	0.0866649	0.0	0.0	0.0
-999.0	283.42178	319.07422	0.05364911	0.0	0.0	0.0
-999.0	258.1731	319.74805	0.03189804	0.0	0.0	0.0
-999.0	234.62605	320.5742	0.017763978	0.0	0.0	0.0
-999.0	212.7189	321.70984	0.00928396	0.0	0.0	0.0
-999.0	192.398	323.35922	0.004666706	0.0	0.0	0.0
-999.0	173.62439	326.04953	0.002282619	0.0	0.0	0.0
-999.0	156.3652	329.9376	0.0012321994	0.0	0.0	0.0
-999.0	140.59349	335.8177	0.000841369	0.0	0.0	0.0
-999.0	126.2826	344.02286	0.0006855163	0.0	0.0	0.0
-999.0	113.391754	354.95914	0.00062185724	0.0	0.0	0.0
-999.0	101.858765	368.64587	0.00055892306	0.0	0.0	0.0
-999.0	91.595604	384.8661	0.0005126621	0.0	0.0	0.0
-999.0	82.48986	402.8302	0.00044562292	0.0	0.0	0.0
-999.0	74.41725	422.16995	0.0003765226	0.0	0.0	0.0
-999.0	67.25259	441.97766	0.000299616	0.0	0.0	0.0
-999.0	60.876915	461.8777	0.00022031418	0.0	0.0	0.0
-999.0	55.18969	482.32056	0.00013912017	0.0	0.0	0.0
-999.0	50.102787	502.32303	8.058122e-5	0.0	0.0	0.0
-999.0	45.540215	522.6483	5.6167322e-5	0.0	0.0	0.0
-999.0	41.436203	542.08746	4.777604e-5	0.0	0.0	0.0
-999.0	37.735134	561.8958	4.5573568e-5	0.0	0.0	0.0
-999.0	34.389153	580.5726	4.487729e-5	0.0	0.0	0.0
-999.0	31.358894	600.2474	4.4385957e-5	0.0	0.0	0.0
-999.0	28.608503	617.9447	4.3951575e-5	0.0	0.0	0.0
-999.0	26.109865	638.10645	4.3498272e-5	0.0	0.0	0.0
-999.0	23.844633	660.1392	4.3009757e-5	0.0	0.0	0.0
-999.0	21.790688	682.1131	4.2505744e-5	0.0	0.0	0.0
-999.0	19.92366	702.69916	4.2003652e-5	0.0	0.0	0.0
-999.0	18.220644	721.50006	4.1504663e-5	0.0	0.0	0.0
-999.0	16.662544	738.888	4.100047e-5	0.0	0.0	0.0
-999.0	15.234091	755.3936	4.0476396e-5	0.0	0.0	0.0
-999.0	13.923391	771.9886	3.9913968e-5	0.0	0.0	0.0
-999.0	12.72117	789.3931	3.929159e-5	0.0	0.0	0.0
-999.0	11.620006	808.711	3.8592898e-5	0.0	0.0	0.0
-999.0	10.613288	829.84814	3.7817867e-5	0.0	0.0	0.0
-999.0	9.693754	851.636	3.6971847e-5	0.0	0.0	0.0
-999.0	8.85362	873.4133	3.605271e-5	0.0	0.0	0.0
-999.0	8.085755	895.6138	3.50544e-5	0.0	0.0	0.0
-999.0	7.3841667	919.0514	3.3975844e-5	0.0	0.0	0.0
-999.0	6.743567	943.64764	3.2815708e-5	0.0	0.0	0.0
-999.0	6.1589084	969.27155	3.156447e-5	0.0	0.0	0.0
-999.0	5.6261053	998.3718	3.0200925e-5	0.0	0.0	0.0
-999.0	5.1411242	1028.234	2.883739e-5	0.0	0.0	0.0
1000.0 80.0 1008.2894287109375
-999.0	1002.46765	292.7837	11.041337	0.0	0.0	0.0
-999.0	996.6715	292.7024	10.668958	0.0	0.0	0.0
-999.0	990.8953	292.7356	10.496492	0.0	0.0	0.0
-999.0	985.14355	292.7773	10.388593	0.0	0.0	0.0
-999.0	979.4172	292.83313	10.282642	0.0	0.0	0.0
-999.0	973.71545	292.89075	10.170281	0.0	0.0	0.0
-999.0	968.03705	292.95398	10.046081	0.0	0.0	0.0
-999.0	962.38403	293.02106	9.908027	0.0	0.0	0.0
-999.0	956.7557	293.0944	9.75536	0.0	0.0	0.0
-999.0	951.15155	293.1751	9.589377	0.0	0.0	0.0
-999.0	945.57166	293.26465	9.412067	0.0	0.0	0.0
-999.0	940.0162	293.3641	9.224629	0.0	0.0	0.0
-999.0	934.48627	293.47385	9.032584	0.0	0.0	0.0
-999.0	928.98065	293.59354	8.840287	0.0	0.0	0.0
-999.0	923.4996	293.7212	8.652522	0.0	0.0	0.0
-999.0	918.04425	293.85446	8.473072	0.0	0.0	0.0
-999.0	912.6137	293.9936	8.302187	0.0	0.0	0.0
-999.0	907.2077	294.13354	8.141387	0.0	0.0	0.0
-999.0	901.8268	294.2824	7.9844866	0.0	0.0	0.0
-999.0	896.47107	294.42035	7.8497252	0.0	0.0	0.0
-999.0	891.1378	294.5865	7.6940236	0.0	0.0	0.0
-999.0	877.5358	294.9547	7.388789	0.0	0.0	0.0
-999.0	855.96674	295.64206	6.92029	0.0	0.0	0.0
-999.0	826.9152	296.68604	6.31673	0.0	0.0	0.0
-999.0	791.03656	298.07693	5.6005955	0.0	0.0	0.0
-999.0	749.123	299.72952	4.7960825	0.0	0.0	0.0
-999.0	702.09467	301.78955	3.867861	0.0	0.0	0.0
-999.0	650.982	304.0788	2.951495	0.0	0.0	0.0
-999.0	602.9245	306.3115	2.1863265	0.0	0.0	0.0
-999.0	557.7571	308.53192	1.5683616	0.0	0.0	0.0
-999.0	515.3363	310.64786	1.0783591	0.0	0.0	0.0
-999.0	475.5121	312.54755	0.7350529	0.0	0.0	0.0
-999.0	438.13358	314.15417	0.49612838	0.0	0.0	0.0
-999.0	403.0593	315.53137	0.3304723	0.0	0.0	0.0
-999.0	370.16293	316.6782	0.21467432	0.0	0.0	0.0
-999.0	339.3269	317.6234	0.13773674	0.0	0.0	0.0
-999.0	310.44528	318.39532	0.0866649	0.0	0.0	0.0
-999.0	283.42178	319.07422	0.05364911	0.0	0.0	0.0
-999.0	258.1731	319.74805	0.03189804	0.0	0.0	0.0
-999.0	234.62605	320.5742	0.017763978	0.0	0.0	0.0
-999.0	212.7189	321.70984	0.00928396	0.0	0.0	0.0
-999.0	192.398	323.35922	0.004666706	0.0	0.0	0.0
-999.0	173.62439	326.04953	0.002282619	0.0	0.0	0.0
-999.0	156.3652	329.9376	0.0012321994	0.0	0.0	0.0
-999.0	140.59349	335.8177	0.000841369	0.0	0.0	0.0
-999.0	126.2826	344.02286	0.0006855163	0.0	0.0	0.0
-999.0	113.391754	354.95914	0.00062185724	0.0	0.0	0.0
-999.0	101.858765	368.64587	0.00055892306	0.0	0.0	0.0
-999.0	91.595604	384.8661	0.0005126621	0.0	0.0	0.0
-999.0	82.48986	402.8302	0.00044562292	0.0	0.0	0.0
-999.0	74.41725	422.16995	0.0003765226	0.0	0.0	0.0
-999.0	67.25259	441.97766	0.000299616	0.0	0.0	0.0
-999.0	60.876915	461.8777	0.00022031418	0.0	0.0	0.0
-999.0	55.18969	482.32056	0.00013912017	0.0	0.0	0.0
-999.0	50.102787	502.32303	8.058122e-5	0.0	0.0	0.0
-999.0	45.540215	522.6483	5.6167322e-5	0.0	0.0	0.0
-999.0	41.436203	542.08746	4.777604e-5	0.0	0.0	0.0
-999.0	37.735134	561.8958	4.5573568e-5	0.0	0.0	0.0
-999.0	34.389153	580.5726	4.487729e-5	0.0	0.0	0.0
-999.0	31.358894	600.2474	4.4385957e-5	0.0	0.0	0.0
-999.0	28.608503	617.9447	4.3951575e-5	0.0	0.0	0.0
-999.0	26.109865	638.10645	4.3498272e-5	0.0	0.0	0.0
-999.0	23.844633	660.1392	4.3009757e-5	0.0	0.0	0.0
-999.0	21.790688	682.1131	4.2505744e-5	0.0	0.0	0.0
-999.0	19.92366	702.69916	4.2003652e-5	0.0	0.0	0.0
-999.0	18.220644	721.50006	4.1504663e-5	0.0	0.0	0.0
-999.0	16.662544	738.888	4.100047e-5	0.0	0.0	0.0
-999.0	15.234091	755.3936	4.0476396e-5	0.0	0.0	0.0
-999.0	13.923391	771.9886	3.9913968e-5	0.0	0.0	0.0
-999.0	12.72117	789.3931	3.929159e-5	0.0	0.0	0.0
-999.0	11.620006	808.711	3.8592898e-5	0.0	0.0	0.0
-999.0	10.613288	829.84814	3.7817867e-5	0.0	0.0	0.0
-999.0	9.693754	851.636	3.6971847e-5	0.0	0.0	0.0
-999.0	8.85362	873.4133	3.605271e-5	0.0	0.0	0.0
-999.0	8.085755	895.6138	3.50544e-5	0.0	0.0	0.0
-999.0	7.3841667	919.0514	3.3975844e-5	0.0	0.0	0.0
-999.0	6.743567	943.64764	3.2815708e-5	0.0	0.0	0.0
-999.0	6.1589084	969.27155	3.156447e-5	0.0	0.0	0.0
-999.0	5.6261053	998.3718	3.0200925e-5	0.0	0.0	0.0
-999.0	5.1411242	1028.234	2.883739e-5	0.0	0.0	0.0
